0.999997 0.00228529 0.000691824 6.688e-005
-0.00228514 0.999997 -0.000217492 -0.00018322
-0.000692319 0.000215911 1 0.00288306
0 0 0 1