0.154812 0.764499 0.625733 0.0
-0.930556 -0.0997839 0.352019 0.0
0.331545 -0.636797 0.695952 0.0
0 0 0 1