-0.0730457 0.990607 -0.115506 0.0
-0.94631 -0.0323429 0.321271 0.0
0.314525 0.132835 0.939791 0.0
0 0 0 1