-0.0172379 0.99956 0.0238372 0.0
-0.962566 -0.0230662 0.269647 0.0
0.270087 -0.0182549 0.962548 0.0
0 0 0 1