0.308534 -0.770653 0.557072 0.0
-0.907053 -0.0623853 0.415761 0.0
-0.286078 -0.633644 -0.718545 0.0
0 0 0 1