0.171555 0.738177 0.652401 0.0
-0.933343 -0.0900666 0.347217 0.0
0.315053 -0.668505 0.67351 0.0
0 0 0 1