-0.259966 -0.713359 -0.650466 0.0
-0.936519 0.0226289 0.349413 0.0
-0.234807 0.700189 -0.674147 0.0
0 0 0 1