0.138913 0.815307 0.562095 0.0
-0.924396 -0.0967773 0.368705 0.0
0.354999 -0.57083 0.740218 0.0
0 0 0 1