0.0307053 0.997154 0.0687784 0.0
-0.967158 0.0122633 0.25344 0.0
0.251882 -0.0742691 0.964788 0.0
0 0 0 1