0.149651 0.806506 0.571949 0.0
-0.91954 -0.0989982 0.380077 0.0
0.363149 -0.582824 0.726793 0.0
0 0 0 1