0.0535637 0.988956 0.138153 0.0
-0.94816 0.00697726 0.317384 0.0
0.312921 -0.147968 0.938067 0.0
0 0 0 1