-0.170462 -0.904854 -0.38948 0.0
-0.949317 0.0451696 0.31052 0.0
-0.263687 0.42281 -0.866919 0.0
0 0 0 1