0.114725 -0.967994 0.222059 0.0
-0.947954 -0.0399283 0.315316 0.0
-0.296703 -0.246658 -0.922443 0.0
0 0 0 1