-0.125902 0.95388 -0.272456 0.0
-0.927401 -0.0157634 0.373394 0.0
0.351882 0.299774 0.886616 0.0
0 0 0 1