-0.184706 0.904728 -0.383804 0.0
-0.916024 -0.017146 0.400412 0.0
0.35568 0.425644 0.831918 0.0
0 0 0 1