0.280527 -0.711014 0.644368 0.0
-0.935533 -0.0529626 0.348558 0.0
-0.214089 -0.700692 -0.680307 0.0
0 0 0 1