-0.308497 -0.486442 -0.817215 0.0
-0.938433 0.0160507 0.344635 0.0
-0.154747 0.873416 -0.4616 0.0
0 0 0 1