0.130807 -0.972609 0.190635 0.0
-0.869073 -0.0200082 0.493806 0.0
-0.47691 -0.230237 -0.848143 0.0
0 0 0 1