0.00186272 -0.999665 0.0127505 0.0
-0.954058 0.00208479 0.299046 0.0
-0.2993 -0.0126599 -0.953975 0.0
0 0 0 1