0.261774 -0.952202 0.155535 0.0
-0.68298 -0.0689643 0.726778 0.0
-0.681852 -0.296464 -0.6686 0.0
0 0 0 1