0.00615187 0.983583 0.180315 0.0
-0.928136 -0.0614921 0.366858 0.0
0.37193 -0.16959 0.912526 0.0
0 0 0 1