0.149278 0.811656 0.564719 0.0
-0.927815 -0.0824094 0.363598 0.0
0.341648 -0.578245 0.740759 0.0
0 0 0 1