0.179158 0.514959 0.838248 0.0
-0.962339 -0.0851097 0.257865 0.0
0.204103 -0.852914 0.480292 0.0
0 0 0 1