-0.299314 0.74087 -0.601197 0.0
-0.906555 -0.0245589 0.421036 0.0
0.297141 0.67119 0.678975 0.0
0 0 0 1