-0.469882 0.336105 -0.816128 0.0
-0.873075 -0.0415651 0.485494 0.0
0.12916 0.94087 0.312925 0.0
0 0 0 1