0.0468686 -0.983549 0.172818 0.0
-0.913939 0.0275784 0.404393 0.0
-0.40291 -0.176853 -0.897875 0.0
0 0 0 1