0.287084 -0.695631 0.658145 0.0
-0.938136 -0.0659245 0.339259 0.0
-0.192975 -0.714911 -0.671782 0.0
0 0 0 1