0.153979 0.577568 0.801654 0.0
-0.961023 -0.100798 0.257105 0.0
0.229276 -0.81003 0.539514 0.0
0 0 0 1