0.0357003 -0.99036 0.131771 0.0
-0.922883 0.0179113 0.384145 0.0
-0.383185 -0.135273 -0.913602 0.0
0 0 0 1