-0.197431 -0.839489 -0.505772 0.0
-0.9451 0.0263175 0.325199 0.0
-0.259987 0.542368 -0.798813 0.0
0 0 0 1