0.187508 0.427164 0.884482 0.0
-0.962639 -0.0989438 0.251773 0.0
0.195031 -0.898683 0.392624 0.0
0 0 0 1