-0.476839 -0.126159 -0.869725 0.0
-0.876873 0.00215355 0.480376 0.0
-0.0589032 0.991924 -0.111755 0.0
0 0 0 1