0.26529 -0.891652 0.366041 0.0
-0.850766 -0.0380101 0.523669 0.0
-0.453491 -0.450364 -0.768936 0.0
0 0 0 1