0.206647 0.407496 0.889482 0.0
-0.962135 -0.0802506 0.260201 0.0
0.177377 -0.90961 0.375453 0.0
0 0 0 1