0.154944 0.590631 0.791892 0.0
-0.961331 -0.0943795 0.258381 0.0
0.227322 -0.801338 0.553147 0.0
0 0 0 1