0.284217 -0.72449 0.627504 0.0
-0.931376 -0.0538652 0.35936 0.0
-0.226958 -0.686662 -0.690363 0.0
0 0 0 1