0.101581 0.858485 0.502659 0.0
-0.92405 -0.105697 0.367145 0.0
0.368315 -0.501782 0.782544 0.0
0 0 0 1