0.16235 -0.979999 0.112465 0.0
-0.750077 -0.0485431 0.65916 0.0
-0.641027 -0.191329 -0.743185 0.0
0 0 0 1